0
1
2
1
3
3
2
3
4
4
5
4
5
3
6
7
5
5
6
4
6
8
7
4
5
5
6
6
6
6
7
2
2
8
8
8
8
4
9
9
5
9
6
5
7
5
6
7
3
8
4
6
6
7
7
7
6
9
10
11
5
6
10
3
9
7
4
8
9
10
6
8
7
10
11
7
7
12
12
9
10
9
7
8
10
4
6
10
8
13
8
4
11
11
7
8
7
7
10
12
9
5
5
8
7
10
11
6
13
6
6
12
9
6
11
11
6
8
7
9
13
12
10
6
13
11
9
8
11
9
5
8
9
11
11
10
14
7
6
10
5
9
9
7
8
12
13
10
7
8
12
13
14
14
12
12
11
10
10
11
11
12
13
13
7
8
10
7
6
7
8
10
9
11
12
13
14
15
7
6
11
12
15
8
7
12
8
8
10
13
10
11
12
10
11
9
12
13
11
4
8
6
7
8
8
4
5
5
10
13
14
14
15
12
9
14
14
13
13
12
14
15
7
8
13
12
16
9
7
8
9
10
11
7
7
8
8
8
8
5
8
14
7
8
8
7
9
15
7
8
7
14
10
11
9
9
11
12
10
9
10
13
8
16
14
9
15
14
15
10
16
8
9
10
10
13
12
8
13
14
15
15
15
9
14
8
9
8
8
9
14
9
8
9
9
9
10
9
11
14
8
10
12
13
13
9
10
11
10
14
15
12
12
16
16
7
8
11
9
15
7
9
10
11
12
12
9
6
5
7
13
11
5
6
6
12
12
13
10
9
9
10
11
15
13
11
11
12
15
11
15
8
10
9
8
9
9
14
12
16
15
16
16
11
11
17
15
9
12
8
9
17
13
14
12
3
6
3
4
10
11
7
12
15
12
9
8
17
12
13
13
8
16
11
7
10
11
9
13
16
11
9
9
9
10
14
10
10
15
11
12
11
13
15
9
16
12
15
16
17
15
16
16
10
14
15
13
14
15
13
13
14
11
13
8
9
10
14
17
11
10
9
18
8
9
4
9
6
9
17
11
10
16
8
17
8
8
11
9
7
9
9
13
19
16
10
17
10
10
11
10
15
7
8
9
11
12
10
11
9
10
14
15
16
17
17
17
11
12
12
11
6
12
10
11
12
15
16
17
8
9
10
10
10
15
9
13
15
10
18
19
12
9
18
9
10
10
11
9
10
19
10
11
18
8
9
18
8
17
9
11
10
12
13
14
15
16
13
13
13
8
9
10
9
14
13
17
15
6
4
4
13
18
10
10
11
7
9
13
13
16
12
15
16
13
7
10
14
11
17
13
20
11
11
16
13
9
10
11
9
16
10
9
5
14
14
14
12
9
10
6
13
17
13
10
15
10
14
14
10
8
10
9
19
9
13
14
11
17
7
11
12
14
11
15
8
11
17
12
11
14
17
10
15
12
12
11
10
6
10
14
16
10
8
8
16
12
12
14
9
16
10
8
8
15
12
5
13
10
9
10
10
10
9
7
18
17
9
14
16
11
12
14
10
13
14
20
19
13
14
21
7
7
14
11
14
13
15
8
16
5
16
10
15
13
12
13
7
17
16
15
10
13
14
9
15
10
15
10
11
17
12
7
12
14
18
5
14
19
11
5
15
12
10
12
21
9
16
5
15
8
9
11
15
14
17
13
11
17
12
18
12
16
8
12
9
12
15
11
16
13
15
16
14
18
11
8
11
20
15
15
12
6
10
15
11
11
5
15
13
10
22
18
12
12
13
18
19
11
14
11
16
11
16
12
20
11
18
14
9
12
6
8
13
14
13
18
10
13
18
11
11
11
6
14
11
16
10
11
14
13
16
14
10
9
18
12
11
10
13
12
15
12
14
16
11
8
14
15
18
15
11
11
13
14
10
15
14
17
10
13
11
13
21
14
9
12
7
16
17
16
17
15
6
18
7
11
12
10
12
9
16
20
17
11
15
10
17
18
13
19
11
13
9
5
8
16
9
7
12
17
13
15
12
15
9
10
10
13
19
11
12
17
16
9
19
14
12
11
18
15
14
7
17
11
14
12
10
19
15
11
12
11
16
16
15
11
11
9
19
12
21
11
18
9
18
16
6
16
17
13
8
16
12
12
8
12
16
9
19
10
11
14
17
14
18
15
11
11
21
10
12
14
14
18
16
20
16
13
7
12
6
9
11
18
16
17
10
18
6
18
14
12
20
14
13
12
16
11
13
10
11
13
9
22
11
12
13
12
15
18
10
11
16
10
10
18
13
12
14
12
13
15
5
17
17
15
11
11
9
